1  1  1  1  1  1  1  1  1  1  1  1  1  1  1  1  1  1  1  1  1  1  1  1  1
1  0  0  0  0  0  0  0  0  0  0  1  0  0  0  0  0  0  1  0  1  0  21 0  1
1  0  11 0  0  0  0  0  0  0  1  0  0  0  0  0  0  0  1  0  1  0  1  0  1
1  0  0  0  0  0  0  0  0  1  0  32 0  0  0  32 0  0  1  0  1  22 1  22 1
1  0  0  0  0  0  0  0  1  22 22 22 22 22 22 22 22 22 1  0  1  0  1  0  1
1  0  0  0  0  12 0  0  0  0  0  0  0  0  0  0  0  0  1  0  1  0  1  0  1
1  0  0  0  0  0  0  0  0  0  0  0  0  0  0  0  0  0  1  0  1  0  1  0  1
1  0  0  0  0  0  0  0  0  0  0  0  0  0  0  0  0  0  1  0  1  21 1  21 1
1  0  1  1  1  1  1  0  0  0  0  0  0  0  0  0  0  0  1  0  1  0  1  0  1
1  0  1  0  1  0  0  0  31 0  0  31 0  0  0  0  0  0  1  0  0  0  1  0  1
1  0  1  1  1  0  0  0  0  0  0  0  0  0  0  0  0  0  1  1  0  1  1  1  1
1  0  0  0  0  0  0  0  0  0  0  0  0  0  0  0  0  0  0  0  0  0  0  0  1
1  0  0  0  0  0  0  1  1  1  0  0  0  0  0  0  0  0  0  0  0  0  0  0  1
1  0  0  0  0  0  0  1  0  0  0  1  0  1  0  0  0  0  0  0  0  0  0  0  1
1  0  0  0  0  0  0  1  0  1  0  1  0  1  0  0  0  0  0  0  0  0  0  0  1
1  21 21 21 21 21 21 1  0  1  0  1  0  1  1  0  1  0  0  0  0  0  0  0  1
1  0  0  0  0  0  0  1  0  0  0  1  0  0  32 0  1  0  0  0  0  0  0  0  1
1  0  0  0  31 0  0  1  1  1  1  1  0  1  1  0  1  0  0  0  0  0  0  0  1
1  0  0  0  0  0  0  0  0  0  0  1  0  1  0  0  0  0  0  0  0  0  0  0  1
1  1  1  1  1  1  1  1  1  1  1  1  1  1  1  1  1  1  1  1  1  1  1  1  1

10
101