01 01 01 01 01 01 01 01 01 01 01 01 01 01 01 01 01 01 01 01 01 01 01 01 01
01 00 00 00 00 00 00 00 00 00 00 00 01 00 00 00 00 00 00 00 00 00 00 00 01
01 00 00 32 32 32 32 32 32 32 00 00 01 00 00 31 31 31 31 31 31 31 00 00 01
01 00 00 32 22 22 22 22 22 32 00 00 01 00 00 31 21 21 21 21 21 31 00 00 01
01 00 00 32 22 00 00 00 22 32 00 00 01 00 00 31 21 00 00 00 21 31 00 00 01
01 00 00 32 22 00 11 00 22 32 00 00 01 00 00 31 21 00 12 00 21 31 00 00 01
01 00 00 32 22 00 00 00 22 32 00 00 01 00 00 31 21 00 00 00 21 31 00 00 01
01 00 00 32 22 22 21 22 22 32 00 00 01 00 00 31 21 21 31 21 21 31 00 00 01
01 00 00 32 32 32 21 32 32 32 00 00 01 00 00 31 31 31 31 31 31 31 00 00 01
01 00 00 00 00 00 00 00 00 00 00 00 01 00 00 00 00 00 00 00 00 00 00 00 01
01 00 00 00 00 00 00 00 00 00 00 00 22 00 00 00 00 00 00 00 00 00 00 00 01
01 00 00 00 00 00 00 00 00 00 00 00 22 00 00 00 00 00 00 00 00 00 00 00 01
01 00 00 00 00 00 00 00 00 00 00 00 21 00 00 00 00 00 00 00 00 00 00 00 01
01 00 00 00 00 00 00 00 00 00 00 00 21 00 00 00 00 00 00 00 00 00 00 00 01
01 00 00 00 00 00 00 00 00 00 00 00 01 00 00 00 00 00 00 00 00 00 00 00 01
01 00 00 00 00 00 31 00 00 00 00 00 01 00 00 00 00 00 32 00 00 00 00 00 01
01 00 00 00 00 31 42 31 00 00 00 00 01 00 00 00 00 32 41 32 00 00 00 00 01
01 00 00 00 00 00 31 00 00 00 00 00 01 00 00 00 00 00 32 00 00 00 00 00 01
01 00 00 00 00 00 00 00 00 00 00 00 01 00 00 00 00 00 00 00 00 00 00 00 01
01 00 00 00 00 00 00 00 00 00 00 00 01 00 00 00 00 00 00 00 00 00 00 00 01
01 01 01 01 01 01 01 01 01 01 01 01 01 01 01 01 01 01 01 01 01 01 01 01 01

10
101