01 01 01 01 01 01 01 01 01 01 01 01 01 01 01 01 01 01 01 01 01 01 01 01 01
01 00 00 00 00 00 21 00 00 00 00 00 00 00 00 00 00 00 22 00 00 00 00 00 01
01 00 00 00 00 00 21 00 00 00 00 00 00 00 00 00 00 00 22 00 00 00 00 00 01
01 00 00 11 00 00 21 00 00 00 00 00 00 00 00 00 00 00 22 00 00 12 00 00 01
01 00 00 00 00 00 21 00 00 00 00 00 00 00 00 00 00 00 22 00 00 00 00 00 01
01 00 00 00 00 00 21 00 00 00 00 00 00 00 00 00 00 00 22 00 00 00 00 00 01
01 01 01 01 01 01 01 01 01 00 00 00 51 00 00 00 01 01 01 01 01 01 01 01 01
01 00 00 00 01 00 00 00 01 00 00 00 01 00 00 00 00 00 00 00 32 00 00 00 01
01 00 00 00 01 00 00 00 01 00 00 00 01 00 00 00 00 00 00 00 32 00 00 00 01
01 00 42 00 01 00 41 00 01 00 00 00 01 00 00 00 00 00 00 00 32 00 00 00 01
01 00 00 00 01 00 00 00 01 00 00 00 01 01 01 01 01 01 01 01 01 01 00 00 01
01 00 00 00 01 00 00 00 01 00 00 00 00 00 00 00 31 00 00 00 00 01 00 00 01
01 22 22 22 01 21 21 21 01 00 00 00 00 00 00 00 31 00 00 00 00 01 00 00 01
01 00 00 00 22 00 00 00 01 00 00 00 00 00 00 00 31 00 00 00 00 01 00 00 01
01 00 00 00 01 32 32 32 01 01 01 01 01 01 01 01 01 01 01 22 22 01 21 21 01
01 00 00 00 01 00 00 00 00 00 00 00 00 00 00 00 00 00 52 00 00 00 00 00 01
01 31 31 31 01 00 00 00 00 00 00 00 00 00 00 00 00 52 00 00 00 00 00 00 01
01 00 00 00 01 01 01 01 01 01 52 52 52 52 00 00 52 00 00 00 00 00 00 00 01
01 00 00 00 00 00 00 00 00 00 00 00 00 00 00 00 00 00 00 00 00 00 00 00 01
01 00 00 00 00 00 00 00 00 00 00 00 00 00 00 00 00 00 00 00 00 00 00 00 01
01 01 01 01 01 01 01 01 01 01 01 01 01 01 01 01 01 01 01 01 01 01 01 01 01

10
101